1.389000000000000234e+00 0.000000000000000000e+00
1.439000000000000057e+00 0.000000000000000000e+00
1.489000000000000101e+00 0.000000000000000000e+00
1.539000000000000146e+00 2.050935247066199008e-01
1.589000000000000190e+00 5.916885275661840637e+00
1.639000000000000234e+00 1.432821816939059367e+01
1.689000000000000057e+00 -2.862326792033305267e+01
1.739000000000000101e+00 -5.043621240718188403e+00
1.789000000000000146e+00 8.196107047061817141e+00
1.839000000000000190e+00 8.716554760285049497e+00
1.889000000000000012e+00 5.272692280748721316e+00
1.939000000000000279e+00 -7.336869247565621421e+00
1.989000000000000101e+00 -5.811499169959908784e+00
2.039000000000000146e+00 1.511375524522932778e+00
2.089000000000000412e+00 2.366864244199083700e+00
2.139000000000000234e+00 1.411714874723239532e+00
2.189000000000000057e+00 -2.564853375798072932e-01
2.238999999999999879e+00 -5.865793690911047520e-01
2.289000000000000146e+00 -5.825798477217194460e-01
2.339000000000000412e+00 -1.109938842496447364e-01
2.389000000000000234e+00 3.800571206059828455e-01
2.439000000000000057e+00 3.705463764669314486e-01
2.488999999999999879e+00 -1.620326650593000295e-01
2.539000000000000590e+00 -2.031458136210400056e-01
2.589000000000000412e+00 -1.034142556718293804e-01
2.639000000000000234e+00 1.760332528781738404e-02
2.689000000000000057e+00 1.307712232278870346e-01
2.738999999999999879e+00 -4.741039571218408355e-02
2.789000000000000590e+00 7.390590468584434802e-02
2.839000000000000412e+00 7.244700722669783488e-02
2.889000000000000234e+00 -2.930000172113675916e-01
2.939000000000000057e+00 3.087521871916667493e-01
2.988999999999999879e+00 -2.210282454548178066e-01
3.039000000000000590e+00 1.214445385407714184e-01
3.089000000000000412e+00 -4.038596285821327569e-02
3.139000000000000234e+00 2.370565046130099773e-01
3.189000000000000057e+00 -3.754692124640381934e-01
3.238999999999999879e+00 1.138830141713338406e-01
3.289000000000000590e+00 3.089332292755031517e-02
3.339000000000000412e+00 3.858459412375658815e-02
3.389000000000000234e+00 1.039030692982656490e-02
3.439000000000000057e+00 -1.450765652212968604e-01
3.488999999999999879e+00 3.396153364385767759e-01
3.538999999999999702e+00 -1.876923630791154096e-01
3.589000000000000412e+00 -1.105910656130522085e-01
3.639000000000000234e+00 1.794579656313288751e-02
3.689000000000000057e+00 2.415644525012474730e-01
3.738999999999999879e+00 -2.927420322418612386e-01
3.789000000000000590e+00 3.523682425628216208e-02
3.839000000000000412e+00 2.239188840605699227e-02
3.889000000000000234e+00 2.469881715970494440e-01
3.939000000000000057e+00 -3.942643981373272766e-02
3.988999999999999879e+00 -4.305693706883904071e-01
4.039000000000000590e+00 2.376373479654123599e-01
4.089000000000000412e+00 4.956630519420635039e-02
4.139000000000000234e+00 -5.181424440220361305e-02
4.189000000000000057e+00 1.716339302402776212e-01
4.238999999999999879e+00 -9.338452422570320266e-02
4.289000000000000590e+00 -7.247868959137804268e-02
4.339000000000000412e+00 -6.010295447516078582e-02
4.389000000000000234e+00 1.443554142538960861e-01
4.439000000000000057e+00 -1.224598828944145623e-02
4.488999999999999879e+00 -6.443891238373034014e-02
4.539000000000000590e+00 -1.711586947701349004e-01
4.589000000000000412e+00 1.702655538230679610e-01
4.639000000000000234e+00 7.635600755414984064e-02
4.689000000000000057e+00 -1.551364703480686558e-01
4.738999999999999879e+00 1.972634545794509364e-01
4.789000000000000590e+00 -1.046362897379218282e-01
4.839000000000000412e+00 -6.628403295512086402e-02
4.889000000000000234e+00 -4.146165457318318204e-02
4.939000000000000057e+00 8.340457935263678735e-02
4.988999999999999879e+00 -1.124844640734750101e-01
5.039000000000000590e+00 3.058690920061160057e-01
5.089000000000000412e+00 -1.293606036577710228e-01
5.139000000000000234e+00 -1.599929242477475810e-01
5.189000000000000057e+00 -5.161208074188294859e-03
5.238999999999999879e+00 8.155945878124803983e-02
5.289000000000000590e+00 2.767529988685062392e-01
5.339000000000000412e+00 1.846930992230824131e-01
5.389000000000000234e+00 -9.558418554466108219e-02
5.439000000000000057e+00 -7.633141600442865382e-01
5.489000000000000767e+00 -5.020085769815736398e-01
5.539000000000000590e+00 -5.431111647551212229e-02
5.589000000000000412e+00 1.098063990478987506e+00
5.639000000000000234e+00 2.506968186850219382e+00
5.689000000000000057e+00 1.571228037448745951e+00
5.739000000000000767e+00 -5.577574693397771455e+00
5.789000000000000590e+00 -7.472306830505129227e+00
5.839000000000000412e+00 5.266840095387779641e+00
5.889000000000000234e+00 8.359915433227021353e+00
5.939000000000000057e+00 8.121071138035844683e+00
5.989000000000000767e+00 -4.238840900048629123e+00
6.039000000000000590e+00 -2.875576206072573626e+01
6.089000000000000412e+00 1.380580313218935551e+01
6.139000000000000234e+00 6.094297465745480480e+00
6.189000000000000945e+00 2.245962831909917023e-01
6.239000000000000767e+00 0.000000000000000000e+00
6.289000000000000590e+00 0.000000000000000000e+00
6.339000000000000412e+00 0.000000000000000000e+00
