7.070000000000001839e-01 0.000000000000000000e+00
7.570000000000000062e-01 0.000000000000000000e+00
8.070000000000000506e-01 0.000000000000000000e+00
8.570000000000000950e-01 0.000000000000000000e+00
9.070000000000001394e-01 0.000000000000000000e+00
9.570000000000001839e-01 0.000000000000000000e+00
1.007000000000000117e+00 1.511701400273889832e-03
1.056999999999999940e+00 1.662871540301278650e-01
1.107000000000000206e+00 3.839721556695679938e-01
1.157000000000000028e+00 3.885072598703896984e-01
1.206999999999999851e+00 4.610689270835363618e-01
1.257000000000000117e+00 6.560784077188681618e-01
1.306999999999999940e+00 1.097495216598844081e+00
1.357000000000000206e+00 1.061214382992270666e+00
1.407000000000000473e+00 7.618975057380404925e-01
1.457000000000000295e+00 6.575901091191420633e-01
1.507000000000000117e+00 6.545667063185942602e-01
1.556999999999999940e+00 6.470081993172248636e-01
1.607000000000000206e+00 6.953826441259892688e-01
1.657000000000000473e+00 6.485199007174987651e-01
1.707000000000000295e+00 6.485199007174987651e-01
1.757000000000000117e+00 7.074762553281803701e-01
1.806999999999999940e+00 6.817773315235242659e-01
1.857000000000000650e+00 7.195698665303715824e-01
1.907000000000000473e+00 6.485199007174987651e-01
1.957000000000000295e+00 6.485199007174987651e-01
2.007000000000000117e+00 6.591018105194159649e-01
2.056999999999999940e+00 6.832890329237981675e-01
2.107000000000000650e+00 6.848007343240720690e-01
2.157000000000000473e+00 6.485199007174987651e-01
2.207000000000000295e+00 6.696837203213331646e-01
2.257000000000000117e+00 6.893358385248937736e-01
2.306999999999999940e+00 5.729348307038042432e-01
2.357000000000000650e+00 6.802656301232503644e-01
2.407000000000000473e+00 6.696837203213331646e-01
2.457000000000000295e+00 6.938709427257153672e-01
2.507000000000000117e+00 6.530550049183203587e-01
2.556999999999999940e+00 6.953826441259892688e-01
2.607000000000000650e+00 6.893358385248937736e-01
2.657000000000000473e+00 6.545667063185942602e-01
2.707000000000000295e+00 6.409613937161292574e-01
2.757000000000000117e+00 6.485199007174987651e-01
2.806999999999999940e+00 6.878241371246198721e-01
2.856999999999999762e+00 6.727071231218809677e-01
2.907000000000000473e+00 6.666603175207853615e-01
2.957000000000000295e+00 6.409613937161292574e-01
3.007000000000000117e+00 6.454964979169509620e-01
3.056999999999999940e+00 6.001454559087342489e-01
3.107000000000000650e+00 6.696837203213331646e-01
3.157000000000000473e+00 6.228209769128425499e-01
3.207000000000000295e+00 6.696837203213331646e-01
3.257000000000000117e+00 6.364262895153075528e-01
3.306999999999999940e+00 6.545667063185942602e-01
3.357000000000000650e+00 6.772422273227026723e-01
3.407000000000000473e+00 7.059645539279065796e-01
3.457000000000000295e+00 7.225932693309192745e-01
3.507000000000000117e+00 6.727071231218809677e-01
3.556999999999999940e+00 7.044528525276326780e-01
3.607000000000000650e+00 7.618975057380404925e-01
3.657000000000000473e+00 6.938709427257153672e-01
3.707000000000000295e+00 7.271283735317409791e-01
3.757000000000000117e+00 6.061922615098298550e-01
3.806999999999999940e+00 7.089879567284542716e-01
3.857000000000000650e+00 7.830613253418748920e-01
3.907000000000000473e+00 6.893358385248937736e-01
3.957000000000000295e+00 6.711954217216070662e-01
4.006999999999999673e+00 6.832890329237981675e-01
4.056999999999999496e+00 7.120113595290020747e-01
4.107000000000000206e+00 7.618975057380404925e-01
4.157000000000000028e+00 6.560784077188681618e-01
4.206999999999999851e+00 7.346868805331104868e-01
4.256999999999999673e+00 6.742188245221548692e-01
4.306999999999999496e+00 7.089879567284542716e-01
4.357000000000000206e+00 6.848007343240720690e-01
4.407000000000000028e+00 6.696837203213331646e-01
4.456999999999999851e+00 6.832890329237981675e-01
4.506999999999999673e+00 6.560784077188681618e-01
4.556999999999999496e+00 7.059645539279065796e-01
4.607000000000000206e+00 6.213092755125686484e-01
4.657000000000000028e+00 6.893358385248937736e-01
4.706999999999999851e+00 6.802656301232503644e-01
4.756999999999999673e+00 6.727071231218809677e-01
4.807000000000000384e+00 6.787539287229764629e-01
4.857000000000000206e+00 6.409613937161292574e-01
4.907000000000000028e+00 6.621252133199637679e-01
4.956999999999999851e+00 7.603858043377665910e-01
5.006999999999999673e+00 8.949272289621427179e-01
5.057000000000000384e+00 9.584186877736461385e-01
5.107000000000000206e+00 6.228209769128425499e-01
5.157000000000000028e+00 4.217646906764152548e-01
5.206999999999999851e+00 3.355977108608035331e-01
5.256999999999999673e+00 3.083870856558735274e-01
5.307000000000000384e+00 1.466350358265673115e-01
5.357000000000000206e+00 3.023402800547779663e-03
5.407000000000000028e+00 0.000000000000000000e+00
5.456999999999999851e+00 0.000000000000000000e+00
5.507000000000000561e+00 0.000000000000000000e+00
5.557000000000000384e+00 0.000000000000000000e+00
5.607000000000000206e+00 0.000000000000000000e+00
5.657000000000000028e+00 0.000000000000000000e+00
