7.070000000000001839e-01 0.000000000000000000e+00
7.570000000000000062e-01 0.000000000000000000e+00
8.070000000000000506e-01 0.000000000000000000e+00
8.570000000000000950e-01 0.000000000000000000e+00
9.070000000000001394e-01 0.000000000000000000e+00
9.570000000000001839e-01 0.000000000000000000e+00
1.007000000000000117e+00 0.000000000000000000e+00
1.056999999999999940e+00 0.000000000000000000e+00
1.107000000000000206e+00 0.000000000000000000e+00
1.157000000000000028e+00 0.000000000000000000e+00
1.206999999999999851e+00 0.000000000000000000e+00
1.257000000000000117e+00 0.000000000000000000e+00
1.306999999999999940e+00 0.000000000000000000e+00
1.357000000000000206e+00 0.000000000000000000e+00
1.407000000000000473e+00 0.000000000000000000e+00
1.457000000000000295e+00 0.000000000000000000e+00
1.507000000000000117e+00 0.000000000000000000e+00
1.556999999999999940e+00 0.000000000000000000e+00
1.607000000000000206e+00 0.000000000000000000e+00
1.657000000000000473e+00 0.000000000000000000e+00
1.707000000000000295e+00 0.000000000000000000e+00
1.757000000000000117e+00 0.000000000000000000e+00
1.806999999999999940e+00 0.000000000000000000e+00
1.857000000000000650e+00 0.000000000000000000e+00
1.907000000000000473e+00 0.000000000000000000e+00
1.957000000000000295e+00 0.000000000000000000e+00
2.007000000000000117e+00 0.000000000000000000e+00
2.056999999999999940e+00 0.000000000000000000e+00
2.107000000000000650e+00 0.000000000000000000e+00
2.157000000000000473e+00 0.000000000000000000e+00
2.207000000000000295e+00 0.000000000000000000e+00
2.257000000000000117e+00 0.000000000000000000e+00
2.306999999999999940e+00 0.000000000000000000e+00
2.357000000000000650e+00 0.000000000000000000e+00
2.407000000000000473e+00 0.000000000000000000e+00
2.457000000000000295e+00 0.000000000000000000e+00
2.507000000000000117e+00 0.000000000000000000e+00
2.556999999999999940e+00 0.000000000000000000e+00
2.607000000000000650e+00 0.000000000000000000e+00
2.657000000000000473e+00 0.000000000000000000e+00
2.707000000000000295e+00 0.000000000000000000e+00
2.757000000000000117e+00 0.000000000000000000e+00
2.806999999999999940e+00 0.000000000000000000e+00
2.856999999999999762e+00 0.000000000000000000e+00
2.907000000000000473e+00 0.000000000000000000e+00
2.957000000000000295e+00 0.000000000000000000e+00
3.007000000000000117e+00 0.000000000000000000e+00
3.056999999999999940e+00 0.000000000000000000e+00
3.107000000000000650e+00 0.000000000000000000e+00
3.157000000000000473e+00 0.000000000000000000e+00
3.207000000000000295e+00 7.558507001369448863e-01
3.257000000000000117e+00 0.000000000000000000e+00
3.306999999999999940e+00 0.000000000000000000e+00
3.357000000000000650e+00 0.000000000000000000e+00
3.407000000000000473e+00 0.000000000000000000e+00
3.457000000000000295e+00 0.000000000000000000e+00
3.507000000000000117e+00 0.000000000000000000e+00
3.556999999999999940e+00 0.000000000000000000e+00
3.607000000000000650e+00 0.000000000000000000e+00
3.657000000000000473e+00 0.000000000000000000e+00
3.707000000000000295e+00 0.000000000000000000e+00
3.757000000000000117e+00 0.000000000000000000e+00
3.806999999999999940e+00 0.000000000000000000e+00
3.857000000000000650e+00 0.000000000000000000e+00
3.907000000000000473e+00 0.000000000000000000e+00
3.957000000000000295e+00 0.000000000000000000e+00
4.006999999999999673e+00 0.000000000000000000e+00
4.056999999999999496e+00 0.000000000000000000e+00
4.107000000000000206e+00 0.000000000000000000e+00
4.157000000000000028e+00 0.000000000000000000e+00
4.206999999999999851e+00 0.000000000000000000e+00
4.256999999999999673e+00 0.000000000000000000e+00
4.306999999999999496e+00 0.000000000000000000e+00
4.357000000000000206e+00 0.000000000000000000e+00
4.407000000000000028e+00 0.000000000000000000e+00
4.456999999999999851e+00 0.000000000000000000e+00
4.506999999999999673e+00 0.000000000000000000e+00
4.556999999999999496e+00 0.000000000000000000e+00
4.607000000000000206e+00 0.000000000000000000e+00
4.657000000000000028e+00 0.000000000000000000e+00
4.706999999999999851e+00 0.000000000000000000e+00
4.756999999999999673e+00 0.000000000000000000e+00
4.807000000000000384e+00 0.000000000000000000e+00
4.857000000000000206e+00 0.000000000000000000e+00
4.907000000000000028e+00 0.000000000000000000e+00
4.956999999999999851e+00 0.000000000000000000e+00
5.006999999999999673e+00 0.000000000000000000e+00
5.057000000000000384e+00 0.000000000000000000e+00
5.107000000000000206e+00 0.000000000000000000e+00
5.157000000000000028e+00 0.000000000000000000e+00
5.206999999999999851e+00 0.000000000000000000e+00
5.256999999999999673e+00 0.000000000000000000e+00
5.307000000000000384e+00 0.000000000000000000e+00
5.357000000000000206e+00 0.000000000000000000e+00
5.407000000000000028e+00 0.000000000000000000e+00
5.456999999999999851e+00 0.000000000000000000e+00
5.507000000000000561e+00 0.000000000000000000e+00
5.557000000000000384e+00 0.000000000000000000e+00
5.607000000000000206e+00 0.000000000000000000e+00
5.657000000000000028e+00 0.000000000000000000e+00
