7.070000000000001839e-01 0.000000000000000000e+00
7.570000000000000062e-01 0.000000000000000000e+00
8.070000000000000506e-01 0.000000000000000000e+00
8.570000000000000950e-01 0.000000000000000000e+00
9.070000000000001394e-01 0.000000000000000000e+00
9.570000000000001839e-01 1.374590083269047902e+01
1.007000000000000117e+00 1.018161127112470297e+02
1.056999999999999940e+00 5.558072538387010297e+01
1.107000000000000206e+00 2.354323760786556008e+01
1.157000000000000028e+00 1.494014493890685280e+01
1.206999999999999851e+00 1.884638135721458241e+01
1.257000000000000117e+00 3.826267414233242192e+01
1.306999999999999940e+00 4.522859419479451049e+01
1.357000000000000206e+00 3.556579884424380822e+01
1.407000000000000473e+00 2.986517286381096525e+01
1.457000000000000295e+00 2.848196608256035844e+01
1.507000000000000117e+00 3.053032147993147660e+01
1.556999999999999940e+00 3.332092226483707975e+01
1.607000000000000206e+00 3.401176980476224543e+01
1.657000000000000473e+00 3.339953073765131819e+01
1.707000000000000295e+00 3.232773444485713554e+01
1.757000000000000117e+00 3.186968892057414493e+01
1.806999999999999940e+00 3.228691850704974087e+01
1.857000000000000650e+00 3.256658326610040888e+01
1.907000000000000473e+00 3.281450229574532784e+01
1.957000000000000295e+00 3.254844284929711762e+01
2.007000000000000117e+00 3.242599503587493359e+01
2.056999999999999940e+00 3.230505892385302502e+01
2.107000000000000650e+00 3.252274392549246329e+01
2.157000000000000473e+00 3.241843652887356342e+01
2.207000000000000295e+00 3.263763323191327714e+01
2.257000000000000117e+00 3.248797479328616333e+01
2.306999999999999940e+00 3.255146625209766853e+01
2.357000000000000650e+00 3.216144729082700593e+01
2.407000000000000473e+00 3.271170660052670343e+01
2.457000000000000295e+00 3.248948649468643879e+01
2.507000000000000117e+00 3.285229483075217161e+01
2.556999999999999940e+00 3.232168763925604082e+01
2.607000000000000650e+00 3.220226322863440060e+01
2.657000000000000473e+00 3.263309812771245788e+01
2.707000000000000295e+00 3.261646941230944918e+01
2.757000000000000117e+00 3.265728535011684386e+01
2.806999999999999940e+00 3.244564715407849320e+01
2.856999999999999762e+00 3.235948017426288459e+01
2.907000000000000473e+00 3.263612153051300879e+01
2.957000000000000295e+00 3.254844284929711762e+01
3.007000000000000117e+00 3.246832267508260372e+01
3.056999999999999940e+00 3.262705132211136316e+01
3.107000000000000650e+00 3.245320566107986338e+01
3.157000000000000473e+00 3.268298427392149819e+01
3.207000000000000295e+00 3.233075784765767935e+01
3.257000000000000117e+00 3.270565979492560871e+01
3.306999999999999940e+00 3.284322462235052598e+01
3.357000000000000650e+00 3.239122590366863363e+01
3.407000000000000473e+00 3.243657694567685468e+01
3.457000000000000295e+00 3.217505260342947082e+01
3.507000000000000117e+00 3.232319934065630918e+01
3.556999999999999940e+00 3.240029611207027926e+01
3.607000000000000650e+00 3.266182045431766312e+01
3.657000000000000473e+00 3.256355986329985797e+01
3.707000000000000295e+00 3.231715253505521446e+01
3.757000000000000117e+00 3.240180781347055472e+01
3.806999999999999940e+00 3.259228218990506321e+01
3.857000000000000650e+00 3.243204184147602831e+01
3.907000000000000473e+00 3.256204816189958251e+01
3.957000000000000295e+00 3.223400895804014965e+01
4.006999999999999673e+00 3.256507156470013342e+01
4.056999999999999496e+00 3.232471104205658463e+01
4.107000000000000206e+00 3.256204816189958251e+01
4.157000000000000028e+00 3.258925878710451229e+01
4.206999999999999851e+00 3.245018225827931957e+01
4.256999999999999673e+00 3.228994190985028467e+01
4.306999999999999496e+00 3.252879073109355801e+01
4.357000000000000206e+00 3.249855670308808442e+01
4.407000000000000028e+00 3.314707660380557996e+01
4.456999999999999851e+00 3.272984701732998758e+01
4.506999999999999673e+00 3.218865791603193571e+01
4.556999999999999496e+00 3.192864527518482731e+01
4.607000000000000206e+00 3.209493242921495693e+01
4.657000000000000028e+00 3.259228218990506321e+01
4.706999999999999851e+00 3.328917653543132360e+01
4.756999999999999673e+00 3.432922709881976431e+01
4.807000000000000384e+00 3.288404056015792776e+01
4.857000000000000206e+00 3.060137144574435197e+01
4.907000000000000028e+00 2.892640629424088061e+01
4.956999999999999851e+00 2.966562827897481469e+01
5.006999999999999673e+00 3.542369891261805748e+01
5.057000000000000384e+00 4.535255370961696997e+01
5.107000000000000206e+00 3.849396445657433219e+01
5.157000000000000028e+00 1.862718465417486868e+01
5.206999999999999851e+00 1.534074580997943293e+01
5.256999999999999673e+00 2.345707062804994791e+01
5.307000000000000384e+00 5.568956788468982211e+01
5.357000000000000206e+00 1.017843669818412735e+02
5.407000000000000028e+00 1.390765288251978582e+01
5.456999999999999851e+00 0.000000000000000000e+00
5.507000000000000561e+00 0.000000000000000000e+00
5.557000000000000384e+00 0.000000000000000000e+00
5.607000000000000206e+00 0.000000000000000000e+00
5.657000000000000028e+00 0.000000000000000000e+00
