7.070000000000001839e-01 0.000000000000000000e+00
7.570000000000000062e-01 0.000000000000000000e+00
8.070000000000000506e-01 0.000000000000000000e+00
8.570000000000000950e-01 0.000000000000000000e+00
9.070000000000001394e-01 0.000000000000000000e+00
9.570000000000001839e-01 2.267552100410834617e-02
1.007000000000000117e+00 1.753573624317712187e-01
1.056999999999999940e+00 2.736179534495740695e-01
1.107000000000000206e+00 4.867678508881925215e-01
1.157000000000000028e+00 1.074819695594735558e+00
1.206999999999999851e+00 7.392219847339320804e-01
1.257000000000000117e+00 4.111827808744979995e-01
1.306999999999999940e+00 3.809487528690202462e-01
1.357000000000000206e+00 4.595572256832625158e-01
1.407000000000000473e+00 7.800379225413270889e-01
1.457000000000000295e+00 1.015863340984053842e+00
1.507000000000000117e+00 7.225932693309192745e-01
1.556999999999999940e+00 6.349145881150336512e-01
1.607000000000000206e+00 5.563061153007914372e-01
1.657000000000000473e+00 6.711954217216070662e-01
1.707000000000000295e+00 7.195698665303715824e-01
1.757000000000000117e+00 7.120113595290020747e-01
1.806999999999999940e+00 6.454964979169509620e-01
1.857000000000000650e+00 6.394496923158553559e-01
1.907000000000000473e+00 6.288677825139381561e-01
1.957000000000000295e+00 6.636369147202375585e-01
2.007000000000000117e+00 6.077039629101036455e-01
2.056999999999999940e+00 6.515433035180464572e-01
2.107000000000000650e+00 6.273560811136642545e-01
2.157000000000000473e+00 6.848007343240720690e-01
2.207000000000000295e+00 6.137507685111992517e-01
2.257000000000000117e+00 7.195698665303715824e-01
2.306999999999999940e+00 6.727071231218809677e-01
2.357000000000000650e+00 6.515433035180464572e-01
2.407000000000000473e+00 6.636369147202375585e-01
2.457000000000000295e+00 6.878241371246198721e-01
2.507000000000000117e+00 6.621252133199637679e-01
2.556999999999999940e+00 6.772422273227026723e-01
2.607000000000000650e+00 6.061922615098298550e-01
2.657000000000000473e+00 7.074762553281803701e-01
2.707000000000000295e+00 7.059645539279065796e-01
2.757000000000000117e+00 6.500316021177725556e-01
2.806999999999999940e+00 6.666603175207853615e-01
2.856999999999999762e+00 6.273560811136642545e-01
2.907000000000000473e+00 6.591018105194159649e-01
2.957000000000000295e+00 7.044528525276326780e-01
3.007000000000000117e+00 6.681720189210592631e-01
3.056999999999999940e+00 6.908475399251676752e-01
3.107000000000000650e+00 6.606135119196898664e-01
3.157000000000000473e+00 6.288677825139381561e-01
3.207000000000000295e+00 6.772422273227026723e-01
3.257000000000000117e+00 6.953826441259892688e-01
3.306999999999999940e+00 6.545667063185942602e-01
3.357000000000000650e+00 7.346868805331104868e-01
3.407000000000000473e+00 7.165464637298237793e-01
3.457000000000000295e+00 6.893358385248937736e-01
3.507000000000000117e+00 6.621252133199637679e-01
3.556999999999999940e+00 7.346868805331104868e-01
3.607000000000000650e+00 6.107273657106514486e-01
3.657000000000000473e+00 6.424730951164031589e-01
3.707000000000000295e+00 6.832890329237981675e-01
3.757000000000000117e+00 6.591018105194159649e-01
3.806999999999999940e+00 7.286400749320148806e-01
3.857000000000000650e+00 6.742188245221548692e-01
3.907000000000000473e+00 6.621252133199637679e-01
3.957000000000000295e+00 6.938709427257153672e-01
4.006999999999999673e+00 6.757305259224287708e-01
4.056999999999999496e+00 7.467804917353015881e-01
4.107000000000000206e+00 6.999177483268109734e-01
4.157000000000000028e+00 6.228209769128425499e-01
4.206999999999999851e+00 6.560784077188681618e-01
4.256999999999999673e+00 6.953826441259892688e-01
4.306999999999999496e+00 7.044528525276326780e-01
4.357000000000000206e+00 6.984060469265370719e-01
4.407000000000000028e+00 6.848007343240720690e-01
4.456999999999999851e+00 6.122390671109253502e-01
4.506999999999999673e+00 6.621252133199637679e-01
4.556999999999999496e+00 6.742188245221548692e-01
4.607000000000000206e+00 6.968943455262631703e-01
4.657000000000000028e+00 7.120113595290020747e-01
4.706999999999999851e+00 6.288677825139381561e-01
4.756999999999999673e+00 5.940986503076386427e-01
4.807000000000000384e+00 6.409613937161292574e-01
4.857000000000000206e+00 7.422453875344798835e-01
4.907000000000000028e+00 9.841176115783022427e-01
4.956999999999999851e+00 7.029411511273587765e-01
5.006999999999999673e+00 3.476913220629946344e-01
5.057000000000000384e+00 3.733902458676507941e-01
5.107000000000000206e+00 4.429285102802497098e-01
5.157000000000000028e+00 6.258443797133903530e-01
5.206999999999999851e+00 9.327197639689900344e-01
5.256999999999999673e+00 4.716508368854536171e-01
5.307000000000000384e+00 2.388488212432745839e-01
5.357000000000000206e+00 1.783807652323189941e-01
5.407000000000000028e+00 1.360531260246500805e-02
5.456999999999999851e+00 0.000000000000000000e+00
5.507000000000000561e+00 0.000000000000000000e+00
5.557000000000000384e+00 0.000000000000000000e+00
5.607000000000000206e+00 0.000000000000000000e+00
5.657000000000000028e+00 0.000000000000000000e+00
